0000   01 00 5e 00 00 fb c0 74 ad 57 36 f4 08 00 45 00
0010   05 da 81 4c 40 00 ff 11 51 ec c0 a8 01 36 e0 00
0020   00 fb e3 67 14 e9 05 c6 a8 b1 00 00 00 02 62 de
0030   4f d6 00 02 b9 a9 00 00 00 00 00 00 00 01 00 00
0040   14 e9 00 00 00 00 00 10 00 00 ff ff ff f6 36 37
0050   38 39 30 31 32 33 34 35 36 37 38 39 30 31 32 33
0060   34 35 36 37 38 39 30 31 32 33 34 35 36 37 38 39
0070   30 31 32 33 34 35 36 37 38 39 30 31 32 33 34 35
0080   36 37 38 39 30 31 32 33 34 35 36 37 38 39 30 31
0090   32 33 34 35 36 37 38 39 30 31 32 33 34 35 36 37
00a0   38 39 30 31 32 33 34 35 36 37 38 39 30 31 32 33
00b0   34 35 36 37 38 39 30 31 32 33 34 35 36 37 38 39
00c0   30 31 32 33 34 35 36 37 38 39 30 31 32 33 34 35
00d0   36 37 38 39 30 31 32 33 34 35 36 37 38 39 30 31
00e0   32 33 34 35 36 37 38 39 30 31 32 33 34 35 36 37
00f0   38 39 30 31 32 33 34 35 36 37 38 39 30 31 32 33
0100   34 35 36 37 38 39 30 31 32 33 34 35 36 37 38 39
0110   30 31 32 33 34 35 36 37 38 39 30 31 32 33 34 35
0120   36 37 38 39 30 31 32 33 34 35 36 37 38 39 30 31
0130   32 33 34 35 36 37 38 39 30 31 32 33 34 35 36 37
0140   38 39 30 31 32 33 34 35 36 37 38 39 30 31 32 33
0150   34 35 36 37 38 39 30 31 32 33 34 35 36 37 38 39
0160   30 31 32 33 34 35 36 37 38 39 30 31 32 33 34 35
0170   36 37 38 39 30 31 32 33 34 35 36 37 38 39 30 31
0180   32 33 34 35 36 37 38 39 30 31 32 33 34 35 36 37
0190   38 39 30 31 32 33 34 35 36 37 38 39 30 31 32 33
01a0   34 35 36 37 38 39 30 31 32 33 34 35 36 37 38 39
01b0   30 31 32 33 34 35 36 37 38 39 30 31 32 33 34 35
01c0   36 37 38 39 30 31 32 33 34 35 36 37 38 39 30 31
01d0   32 33 34 35 36 37 38 39 30 31 32 33 34 35 36 37
01e0   38 39 30 31 32 33 34 35 36 37 38 39 30 31 32 33
01f0   34 35 36 37 38 39 30 31 32 33 34 35 36 37 38 39
0200   30 31 32 33 34 35 36 37 38 39 30 31 32 33 34 35
0210   36 37 38 39 30 31 32 33 34 35 36 37 38 39 30 31
0220   32 33 34 35 36 37 38 39 30 31 32 33 34 35 36 37
0230   38 39 30 31 32 33 34 35 36 37 38 39 30 31 32 33
0240   34 35 36 37 38 39 30 31 32 33 34 35 36 37 38 39
0250   30 31 32 33 34 35 36 37 38 39 30 31 32 33 34 35
0260   36 37 38 39 30 31 32 33 34 35 36 37 38 39 30 31
0270   32 33 34 35 36 37 38 39 30 31 32 33 34 35 36 37
0280   38 39 30 31 32 33 34 35 36 37 38 39 30 31 32 33
0290   34 35 36 37 38 39 30 31 32 33 34 35 36 37 38 39
02a0   30 31 32 33 34 35 36 37 38 39 30 31 32 33 34 35
02b0   36 37 38 39 30 31 32 33 34 35 36 37 38 39 30 31
02c0   32 33 34 35 36 37 38 39 30 31 32 33 34 35 36 37
02d0   38 39 30 31 32 33 34 35 36 37 38 39 30 31 32 33
02e0   34 35 36 37 38 39 30 31 32 33 34 35 36 37 38 39
02f0   30 31 32 33 34 35 36 37 38 39 30 31 32 33 34 35
0300   36 37 38 39 30 31 32 33 34 35 36 37 38 39 30 31
0310   32 33 34 35 36 37 38 39 30 31 32 33 34 35 36 37
0320   38 39 30 31 32 33 34 35 36 37 38 39 30 31 32 33
0330   34 35 36 37 38 39 30 31 32 33 34 35 36 37 38 39
0340   30 31 32 33 34 35 36 37 38 39 30 31 32 33 34 35
0350   36 37 38 39 30 31 32 33 34 35 36 37 38 39 30 31
0360   32 33 34 35 36 37 38 39 30 31 32 33 34 35 36 37
0370   38 39 30 31 32 33 34 35 36 37 38 39 30 31 32 33
0380   34 35 36 37 38 39 30 31 32 33 34 35 36 37 38 39
0390   30 31 32 33 34 35 36 37 38 39 30 31 32 33 34 35
03a0   36 37 38 39 30 31 32 33 34 35 36 37 38 39 30 31
03b0   32 33 34 35 36 37 38 39 30 31 32 33 34 35 36 37
03c0   38 39 30 31 32 33 34 35 36 37 38 39 30 31 32 33
03d0   34 35 36 37 38 39 30 31 32 33 34 35 36 37 38 39
03e0   30 31 32 33 34 35 36 37 38 39 30 31 32 33 34 35
03f0   36 37 38 39 30 31 32 33 34 35 36 37 38 39 30 31
0400   32 33 34 35 36 37 38 39 30 31 32 33 34 35 36 37
0410   38 39 30 31 32 33 34 35 36 37 38 39 30 31 32 33
0420   34 35 36 37 38 39 30 31 32 33 34 35 36 37 38 39
0430   30 31 32 33 34 35 36 37 38 39 30 31 32 33 34 35
0440   36 37 38 39 30 31 32 33 34 35 36 37 38 39 30 31
0450   32 33 34 35 36 37 38 39 30 31 32 33 34 35 36 37
0460   38 39 30 31 32 33 34 35 36 37 38 39 30 31 32 33
0470   34 35 36 37 38 39 30 31 32 33 34 35 36 37 38 39
0480   30 31 32 33 34 35 36 37 38 39 30 31 32 33 34 35
0490   36 37 38 39 30 31 32 33 34 35 36 37 38 39 30 31
04a0   32 33 34 35 36 37 38 39 30 31 32 33 34 35 36 37
04b0   38 39 30 31 32 33 34 35 36 37 38 39 30 31 32 33
04c0   34 35 36 37 38 39 30 31 32 33 34 35 36 37 38 39
04d0   30 31 32 33 34 35 36 37 38 39 30 31 32 33 34 35
04e0   36 37 38 39 30 31 32 33 34 35 36 37 38 39 30 31
04f0   32 33 34 35 36 37 38 39 30 31 32 33 34 35 36 37
0500   38 39 30 31 32 33 34 35 36 37 38 39 30 31 32 33
0510   34 35 36 37 38 39 30 31 32 33 34 35 36 37 38 39
0520   30 31 32 33 34 35 36 37 38 39 30 31 32 33 34 35
0530   36 37 38 39 30 31 32 33 34 35 36 37 38 39 30 31
0540   32 33 34 35 36 37 38 39 30 31 32 33 34 35 36 37
0550   38 39 30 31 32 33 34 35 36 37 38 39 30 31 32 33
0560   34 35 36 37 38 39 30 31 32 33 34 35 36 37 38 39
0570   30 31 32 33 34 35 36 37 38 39 30 31 32 33 34 35
0580   36 37 38 39 30 31 32 33 34 35 36 37 38 39 30 31
0590   32 33 34 35 36 37 38 39 30 31 32 33 34 35 36 37
05a0   38 39 30 31 32 33 34 35 36 37 38 39 30 31 32 33
05b0   34 35 36 37 38 39 30 31 32 33 34 35 36 37 38 39
05c0   30 31 32 33 34 35 36 37 38 39 30 31 32 33 34 35
05d0   36 37 38 39 30 31 32 33 34 35 36 37 38 39 30 31
05e0   32 33 34 35 36 37 38 39

